{
  "asset": {
    "version": "2.0",
    "generator": "THREE.GLTFExporter r181"
  },
  "scenes": [
    {
      "name": "AuxScene",
      "nodes": [
        0
      ]
    }
  ],
  "scene": 0,
  "nodes": [
    {
      "matrix": [
        0.6605510876064089,
        0,
        0,
        0,
        0,
        0.6605510876064089,
        0,
        0,
        0,
        0,
        0.6605510876064089,
        0,
        -0.004609984281742905,
        0,
        -0.020750842875966503,
        1
      ],
      "name": "Root_Scene",
      "children": [
        1
      ]
    },
    {
      "name": "RootNode",
      "extras": {
        "name": "RootNode"
      },
      "children": [
        2,
        3
      ]
    },
    {
      "matrix": [
        32.0468139648438,
        0,
        0,
        0,
        0,
        -0.000004305773256958098,
        -32.04681286792786,
        0,
        0,
        32.04681286792786,
        -0.000004305773256958098,
        0,
        0,
        1.775430560112,
        0,
        1
      ],
      "name": "Cube001",
      "extras": {
        "name": "Cube.001"
      },
      "mesh": 0,
      "skin": 0
    },
    {
      "matrix": [
        1,
        1.224646852585168e-16,
        1.224646852585168e-16,
        0,
        -1.224646852585168e-16,
        1,
        -1.224646852585168e-16,
        0,
        -1.224646852585168e-16,
        1.224646852585168e-16,
        1,
        0,
        0.0100823724642396,
        1.41562020778656,
        0.00141013332176954,
        1
      ],
      "name": "mixamorigHips",
      "extras": {
        "name": "mixamorig:Hips"
      },
      "children": [
        4,
        58,
        63
      ]
    },
    {
      "matrix": [
        1,
        9.654305553982756e-33,
        5.950132617286342e-42,
        0,
        -9.651920510105776e-33,
        0.999752955425776,
        -0.022226743574240634,
        0,
        -2.145837744605313e-34,
        0.022226743574240634,
        0.999752955425776,
        0,
        0,
        0.148977652192116,
        -0.00331210601143539,
        1
      ],
      "name": "mixamorigSpine",
      "extras": {
        "name": "mixamorig:Spine"
      },
      "children": [
        5
      ]
    },
    {
      "matrix": [
        1,
        7.70371977754894e-33,
        -2.227161377383475e-46,
        0,
        -7.70371977754894e-33,
        1,
        2.39955300074258e-9,
        0,
        1.848570662523526e-41,
        -2.39955300074258e-9,
        1,
        0,
        2.22044599961948e-18,
        0.173850163817406,
        -5.98619764868857e-11,
        1
      ],
      "name": "mixamorigSpine1",
      "extras": {
        "name": "mixamorig:Spine1"
      },
      "children": [
        6
      ]
    },
    {
      "matrix": [
        1,
        1.925929944387236e-33,
        3.3409558876152505e-51,
        0,
        -1.925929944387236e-33,
        1,
        3.46944695195362e-18,
        0,
        3.3409558876152505e-51,
        -3.46944695195362e-18,
        1,
        0,
        -2.22044599961948e-18,
        0.198686018586159,
        4.52544642384756e-12,
        1
      ],
      "name": "mixamorigSpine2",
      "extras": {
        "name": "mixamorig:Spine2"
      },
      "children": [
        7,
        10,
        34
      ]
    },
    {
      "matrix": [
        1,
        2.3111159916331924e-33,
        5.345529420184391e-50,
        0,
        -2.310545043077164e-33,
        0.9997529554671791,
        0.022226741711710653,
        0,
        5.13685769144933e-35,
        -0.022226741711710653,
        0.9997529554671791,
        0,
        0,
        0.223521709442139,
        1.26583843407246e-9,
        1
      ],
      "name": "mixamorigNeck",
      "extras": {
        "name": "mixamorig:Neck"
      },
      "children": [
        8
      ]
    },
    {
      "matrix": [
        1,
        9.3560534117823e-33,
        0,
        0,
        -9.3560534117823e-33,
        1,
        0,
        0,
        0,
        0,
        1,
        0,
        0,
        0.0852485671639442,
        0.0187426712363958,
        1
      ],
      "name": "mixamorigHead",
      "extras": {
        "name": "mixamorig:Head"
      },
      "children": [
        9
      ]
    },
    {
      "matrix": [
        1,
        9.3560534117823e-33,
        0,
        0,
        -9.3560534117823e-33,
        1,
        0,
        0,
        0,
        0,
        1,
        0,
        0,
        0.34022918343544,
        0.0748024955391884,
        1
      ],
      "name": "mixamorigHeadTop_End",
      "extras": {
        "name": "mixamorig:HeadTop_End"
      }
    },
    {
      "matrix": [
        -0.009872392883908399,
        0.00016107429291056796,
        -0.9999512272889103,
        0,
        0.9464046693854508,
        -0.32284648366299984,
        -0.009395764068024559,
        0,
        -0.32283228566384337,
        -0.9464512944003397,
        0.0030348608881209937,
        0,
        0.0917692929506302,
        0.193489953875542,
        -0.000874870747793466,
        1
      ],
      "name": "mixamorigLeftShoulder",
      "extras": {
        "name": "mixamorig:LeftShoulder"
      },
      "children": [
        11
      ]
    },
    {
      "matrix": [
        0.9993828178120895,
        -0.035128100543217806,
        8.832571991509997e-10,
        0,
        0.03439894436671837,
        0.9786385613999959,
        -0.20269010404099316,
        0,
        0.0071201175713490866,
        0.20256500734805802,
        0.9792429327018384,
        0,
        2.00266025984774e-10,
        0.186818972229958,
        7.11956316123974e-9,
        1
      ],
      "name": "mixamorigLeftArm",
      "extras": {
        "name": "mixamorig:LeftArm"
      },
      "children": [
        12
      ]
    },
    {
      "matrix": [
        0.9957766757442121,
        0.09180856346438514,
        -5.994710196993713e-10,
        0,
        -0.09133900449972958,
        0.9906837309964373,
        -0.10100956398843784,
        0,
        -0.00927354206290199,
        0.10058296791575554,
        0.994885454876025,
        0,
        -1.44247236377737e-9,
        0.376843899488449,
        -2.38274155961449e-9,
        1
      ],
      "name": "mixamorigLeftForeArm",
      "extras": {
        "name": "mixamorig:LeftForeArm"
      },
      "children": [
        13
      ]
    },
    {
      "matrix": [
        0.9942864551836432,
        -0.1049980008708995,
        -0.019231886646424418,
        0,
        0.1047375910838029,
        0.9944001609667341,
        -0.014083944178632731,
        0,
        0.02060297708653823,
        0.011989173565318891,
        0.9997158481702962,
        0,
        -4.23985069275545e-10,
        0.485890656709671,
        -4.1794434579856e-10,
        1
      ],
      "name": "mixamorigLeftHand",
      "extras": {
        "name": "mixamorig:LeftHand"
      },
      "children": [
        14,
        18,
        22,
        26,
        30
      ]
    },
    {
      "matrix": [
        0.7724159659889036,
        0.6351169601809805,
        -2.2580354253065593e-10,
        0,
        -0.6340405704838912,
        0.771106883451783,
        0.05819541879849641,
        0,
        0.036960899474863404,
        -0.044951069833113325,
        0.998305210376184,
        0,
        -0.0620578974485397,
        0.0637567490339279,
        0.00516856461763382,
        1
      ],
      "name": "mixamorigLeftHandThumb1",
      "extras": {
        "name": "mixamorig:LeftHandThumb1"
      },
      "children": [
        15
      ]
    },
    {
      "matrix": [
        1,
        5.55111515720207e-17,
        -1.3877787869662914e-17,
        0,
        -5.472149029416314e-17,
        0.9986690132287475,
        0.05157714777758225,
        0,
        1.67224234186624e-17,
        -0.05157714777758225,
        0.9986690132287475,
        0,
        -0.00595319457352161,
        0.0710490420460701,
        7.16067927175601e-10,
        1
      ],
      "name": "mixamorigLeftHandThumb2",
      "extras": {
        "name": "mixamorig:LeftHandThumb2"
      },
      "children": [
        16
      ]
    },
    {
      "matrix": [
        1,
        -1.1102230300148485e-16,
        3.469446900824192e-17,
        0,
        1.0070517722211817e-16,
        0.975634615882795,
        0.21940167787563242,
        0,
        -5.820760452191058e-17,
        -0.21940167787563242,
        0.975634615882795,
        0,
        -0.00146786984987557,
        0.0578804463148117,
        -6.72524702594046e-10,
        1
      ],
      "name": "mixamorigLeftHandThumb3",
      "extras": {
        "name": "mixamorig:LeftHandThumb3"
      },
      "children": [
        17
      ]
    },
    {
      "matrix": [
        1,
        5.551115139383365e-17,
        -5.551115106868195e-17,
        0,
        -5.551115106868195e-17,
        1,
        5.85741233294356e-9,
        0,
        5.551115139383365e-17,
        -5.85741233294356e-9,
        1,
        0,
        0.0074210618622601,
        0.046480119228363,
        6.95858093369139e-10,
        1
      ],
      "name": "mixamorigLeftHandThumb4",
      "extras": {
        "name": "mixamorig:LeftHandThumb4"
      }
    },
    {
      "matrix": [
        0.9719191099618625,
        0.2353151973554436,
        4.183829567516728e-10,
        0,
        -0.23508330823554063,
        0.9709613414811787,
        0.044383667035862065,
        0,
        0.010444151256332584,
        -0.043137334225530385,
        0.9990145594759091,
        0,
        -0.0651501342654228,
        0.197245731949806,
        0.000561701075639576,
        1
      ],
      "name": "mixamorigLeftHandIndex1",
      "extras": {
        "name": "mixamorig:LeftHandIndex1"
      },
      "children": [
        19
      ]
    },
    {
      "matrix": [
        1,
        -5.551115104617461e-17,
        7.37257472020974e-17,
        0,
        3.5225211324675484e-17,
        0.9679761894117006,
        0.25104201603943527,
        0,
        -8.530039963628974e-17,
        -0.25104201603943527,
        0.9679761894117006,
        0,
        0.00117302977014333,
        0.0595800131559372,
        5.6949715776522e-11,
        1
      ],
      "name": "mixamorigLeftHandIndex2",
      "extras": {
        "name": "mixamorig:LeftHandIndex2"
      },
      "children": [
        20
      ]
    },
    {
      "matrix": [
        1,
        9.244463733058732e-33,
        5.551115286856907e-17,
        0,
        -1.5389405731743186e-17,
        0.960803329110986,
        0.2772308876757276,
        0,
        -5.3335300543087164e-17,
        -0.2772308876757276,
        0.960803329110986,
        0,
        -0.0000537826163053978,
        0.0531231723725796,
        9.87012069297855e-11,
        1
      ],
      "name": "mixamorigLeftHandIndex3",
      "extras": {
        "name": "mixamorig:LeftHandIndex3"
      },
      "children": [
        21
      ]
    },
    {
      "matrix": [
        1,
        5.55111512312578e-17,
        -8.265194654219209e-40,
        0,
        -5.55111512312578e-17,
        0.9999999999999999,
        -1.17867333671029e-8,
        0,
        -6.542951384637608e-25,
        1.17867333671029e-8,
        0.9999999999999999,
        0,
        -0.00111924752127379,
        0.0469035804271698,
        -2.00776462122576e-9,
        1
      ],
      "name": "mixamorigLeftHandIndex4",
      "extras": {
        "name": "mixamorig:LeftHandIndex4"
      }
    },
    {
      "matrix": [
        0.9950063979618438,
        0.09981116075750046,
        2.940760378267182e-10,
        0,
        -0.09914709354331214,
        0.9883863853086287,
        0.11516165466763585,
        0,
        0.011494418370379287,
        -0.11458658321162431,
        0.9933467637353174,
        0,
        -0.0209954231977463,
        0.206590130925179,
        -0.0050808833912015,
        1
      ],
      "name": "mixamorigLeftHandMiddle1",
      "extras": {
        "name": "mixamorig:LeftHandMiddle1"
      },
      "children": [
        23
      ]
    },
    {
      "matrix": [
        1,
        -6.938893832002536e-18,
        2.3418765725713586e-17,
        0,
        3.9319813599304494e-18,
        0.9920258158368948,
        0.1260348359514935,
        0,
        -2.410656255696402e-17,
        -0.1260348359514935,
        0.9920258158368948,
        0,
        0.000472854153485969,
        0.0646412819623947,
        2.02796712756026e-9,
        1
      ],
      "name": "mixamorigLeftHandMiddle2",
      "extras": {
        "name": "mixamorig:LeftHandMiddle2"
      },
      "children": [
        24
      ]
    },
    {
      "matrix": [
        1,
        1.3877787938641143e-17,
        4.1633361369391235e-17,
        0,
        -2.2840512935553447e-17,
        0.9746518858509107,
        0.22372684173103416,
        0,
        -3.7473200368063417e-17,
        -0.22372684173103416,
        0.9746518858509107,
        0,
        0.0000766893790569156,
        0.0612581558525562,
        4.87943886684494e-12,
        1
      ],
      "name": "mixamorigLeftHandMiddle3",
      "extras": {
        "name": "mixamorig:LeftHandMiddle3"
      },
      "children": [
        25
      ]
    },
    {
      "matrix": [
        1,
        -5.551115158053201e-17,
        2.0816682434685184e-17,
        0,
        5.551115088198359e-17,
        0.9999999999999994,
        3.35571428422554e-8,
        0,
        -2.0816684297480815e-17,
        -3.35571428422554e-8,
        0.9999999999999994,
        0,
        -0.00054954324150458,
        0.0573213659226894,
        3.46566914055657e-10,
        1
      ],
      "name": "mixamorigLeftHandMiddle4",
      "extras": {
        "name": "mixamorig:LeftHandMiddle4"
      }
    },
    {
      "matrix": [
        0.9998954993904071,
        0.014456496426756936,
        6.351474164320581e-11,
        0,
        -0.014406776233728236,
        0.9964565610276502,
        0.08286595470258477,
        0,
        0.0011979513713499747,
        -0.08285729516030989,
        0.9965607022285886,
        0,
        0.0255654323846102,
        0.217646405100822,
        -0.00203458219766617,
        1
      ],
      "name": "mixamorigLeftHandRing1",
      "extras": {
        "name": "mixamorig:LeftHandRing1"
      },
      "children": [
        27
      ]
    },
    {
      "matrix": [
        1,
        -6.9388935896722244e-18,
        -7.806255578055543e-17,
        0,
        2.6043115807799406e-17,
        0.9688891556956618,
        0.247495055135544,
        0,
        7.391662179958357e-17,
        -0.247495055135544,
        0.9688891556956618,
        0,
        0.000281428307062015,
        0.0499095916748047,
        -2.6758414928274e-10,
        1
      ],
      "name": "mixamorigLeftHandRing2",
      "extras": {
        "name": "mixamorig:LeftHandRing2"
      },
      "children": [
        28
      ]
    },
    {
      "matrix": [
        1,
        -1.3877787796717338e-17,
        -6.071532076019506e-17,
        0,
        2.576520504159893e-17,
        0.9797085454593418,
        0.20042745211621502,
        0,
        5.670182870338888e-17,
        -0.20042745211621502,
        0.9797085454593418,
        0,
        -0.0000210171674552839,
        0.0460588932037354,
        2.41269032530411e-10,
        1
      ],
      "name": "mixamorigLeftHandRing3",
      "extras": {
        "name": "mixamorig:LeftHandRing3"
      },
      "children": [
        29
      ]
    },
    {
      "matrix": [
        1,
        1.8735013215024072e-16,
        -1.0061396105071871e-16,
        0,
        -1.8735013866074966e-16,
        0.9999999999999979,
        -6.47078124416112e-8,
        0,
        1.0061394892770129e-16,
        6.47078124416112e-8,
        0.9999999999999979,
        0,
        -0.000260410859482363,
        0.0404539443552494,
        -1.11263120938787e-9,
        1
      ],
      "name": "mixamorigLeftHandRing4",
      "extras": {
        "name": "mixamorig:LeftHandRing4"
      }
    },
    {
      "matrix": [
        0.960253999825573,
        -0.2791276638021888,
        -3.5437888734612955e-11,
        0,
        0.2751871655920105,
        0.9466979123801649,
        0.16743680122736412,
        0,
        -0.04673624496151901,
        -0.1607818578451833,
        0.9858828107269199,
        0,
        0.0605801232159138,
        0.206289082765579,
        -0.0020584489684552,
        1
      ],
      "name": "mixamorigLeftHandPinky1",
      "extras": {
        "name": "mixamorig:LeftHandPinky1"
      },
      "children": [
        31
      ]
    },
    {
      "matrix": [
        1,
        -5.551115169444437e-17,
        -2.0816681036962885e-17,
        0,
        5.861544812964912e-17,
        0.9783977032497827,
        0.20673154620149248,
        0,
        8.891086120304904e-18,
        -0.20673154620149248,
        0.9783977032497827,
        0,
        -0.000356903154170141,
        0.0418802835047245,
        -9.63657903474413e-11,
        1
      ],
      "name": "mixamorigLeftHandPinky2",
      "extras": {
        "name": "mixamorig:LeftHandPinky2"
      },
      "children": [
        32
      ]
    },
    {
      "matrix": [
        1,
        -5.5511148654368375e-17,
        -8.326672411228035e-17,
        0,
        7.400442313166384e-17,
        0.9703023738419444,
        0.2418952282248585,
        0,
        6.736601759246017e-17,
        -0.2418952282248585,
        0.9703023738419444,
        0,
        0.0000656644333503209,
        0.0328828766942024,
        1.7513571148875e-10,
        1
      ],
      "name": "mixamorigLeftHandPinky3",
      "extras": {
        "name": "mixamorig:LeftHandPinky3"
      },
      "children": [
        33
      ]
    },
    {
      "matrix": [
        1,
        5.5511150981094084e-17,
        -1.387778768547212e-16,
        0,
        -5.551114486397672e-17,
        0.999999999999999,
        4.40784759803136e-8,
        0,
        1.38777879301568e-16,
        -4.40784759803136e-8,
        0.999999999999999,
        0,
        0.000291236327029765,
        0.0274356305599213,
        1.35422251190676e-9,
        1
      ],
      "name": "mixamorigLeftHandPinky4",
      "extras": {
        "name": "mixamorig:LeftHandPinky4"
      }
    },
    {
      "matrix": [
        -0.005211535980449877,
        -0.0000908402277267073,
        0.99998639259968,
        0,
        -0.9464046612454233,
        -0.32294510113698705,
        -0.004961647642978961,
        0,
        0.32294118784912496,
        -0.9464176628330911,
        0.001597098994602697,
        0,
        -0.0917692929506302,
        0.193480730056763,
        -0.000460680312244222,
        1
      ],
      "name": "mixamorigRightShoulder",
      "extras": {
        "name": "mixamorig:RightShoulder"
      },
      "children": [
        35
      ]
    },
    {
      "matrix": [
        0.9990555511843988,
        0.04345118621895391,
        5.982665109843799e-10,
        0,
        -0.042548390360327384,
        0.9782979346308102,
        -0.20278753440174294,
        0,
        -0.00881135980308433,
        0.202596011923134,
        0.9792227604011463,
        0,
        -4.11235698272172e-11,
        0.18681900203228,
        9.61351220851725e-10,
        1
      ],
      "name": "mixamorigRightArm",
      "extras": {
        "name": "mixamorig:RightArm"
      },
      "children": [
        36
      ]
    },
    {
      "matrix": [
        0.9951390568035,
        -0.09847973218628096,
        1.4168155060625964e-9,
        0,
        0.09797516679102665,
        0.9900404150319061,
        -0.10109818668767678,
        0,
        0.009956120918918777,
        0.1006067542851086,
        0.9948764529715117,
        0,
        1.43312739453449e-9,
        0.376901239156723,
        1.9253433569677e-10,
        1
      ],
      "name": "mixamorigRightForeArm",
      "extras": {
        "name": "mixamorig:RightForeArm"
      },
      "children": [
        37
      ]
    },
    {
      "matrix": [
        0.9941290097834606,
        0.1074711143561939,
        0.012548748521159118,
        0,
        -0.10727841875686477,
        0.9941138064003057,
        -0.015135402067635868,
        0,
        -0.014101502736806704,
        0.013700332322981158,
        0.9998067055695056,
        0,
        3.65671465329953e-10,
        0.485973566770554,
        1.88189228089719e-10,
        1
      ],
      "name": "mixamorigRightHand",
      "extras": {
        "name": "mixamorig:RightHand"
      },
      "children": [
        38,
        42,
        46,
        50,
        54
      ]
    },
    {
      "matrix": [
        0.7847497795261064,
        -0.6198126937964697,
        -1.7840293513315952e-9,
        0,
        0.6187421478958229,
        0.7833943527133369,
        0.058748909439676554,
        0,
        -0.03641331910853429,
        -0.04610319459485831,
        0.9982727911619708,
        0,
        0.0628999546170235,
        0.0706042721867561,
        0.00555503275245428,
        1
      ],
      "name": "mixamorigRightHandThumb1",
      "extras": {
        "name": "mixamorig:RightHandThumb1"
      },
      "children": [
        39
      ]
    },
    {
      "matrix": [
        1,
        3.1296361596292583e-34,
        6.93889428138307e-18,
        0,
        -3.9140800107605985e-19,
        0.9984078104764749,
        0.05640783768947118,
        0,
        -6.927846247204416e-18,
        -0.05640783768947118,
        0.9984078104764749,
        0,
        0.00447945995256305,
        0.0756449326872826,
        -1.98903365999925e-10,
        1
      ],
      "name": "mixamorigRightHandThumb2",
      "extras": {
        "name": "mixamorig:RightHandThumb2"
      },
      "children": [
        40
      ]
    },
    {
      "matrix": [
        1,
        -4.0041177472019045e-27,
        3.469447015629276e-17,
        0,
        -8.324643176715314e-18,
        0.9707873474212184,
        0.23994151217509455,
        0,
        -3.368095270930228e-17,
        -0.23994151217509455,
        0.9707873474212184,
        0,
        0.00111437111627311,
        0.0578918159008026,
        -9.14832307130631e-11,
        1
      ],
      "name": "mixamorigRightHandThumb3",
      "extras": {
        "name": "mixamorig:RightHandThumb3"
      },
      "children": [
        41
      ]
    },
    {
      "matrix": [
        1,
        2.2204460282225891e-16,
        -1.3877788144258153e-16,
        0,
        -2.220446070278051e-16,
        0.9999999999999996,
        -3.0304153852967e-8,
        0,
        1.3877787471370766e-16,
        3.0304153852967e-8,
        0.9999999999999996,
        0,
        -0.00559382373467088,
        0.0428470000624657,
        -7.7788425700831e-10,
        1
      ],
      "name": "mixamorigRightHandThumb4",
      "extras": {
        "name": "mixamorig:RightHandThumb4"
      }
    },
    {
      "matrix": [
        0.9658149155008211,
        -0.25923260862637576,
        -1.0104004473376893e-9,
        0,
        0.25825108346725756,
        0.9621580774220814,
        0.08693795449164268,
        0,
        -0.02253715295291961,
        -0.08396597327470004,
        0.9962137279056963,
        0,
        0.0629684552550316,
        0.2105852663517,
        -0.00153093540575355,
        1
      ],
      "name": "mixamorigRightHandIndex1",
      "extras": {
        "name": "mixamorig:RightHandIndex1"
      },
      "children": [
        43
      ]
    },
    {
      "matrix": [
        1,
        2.7755575336288515e-17,
        -1.0408340799625654e-17,
        0,
        -2.4959969404310776e-17,
        0.9778201128909513,
        0.20944647160404944,
        0,
        1.5990792594033894e-17,
        -0.20944647160404944,
        0.9778201128909513,
        0,
        -0.00103609450161457,
        0.0574650876224041,
        4.3426949536407e-11,
        1
      ],
      "name": "mixamorigRightHandIndex2",
      "extras": {
        "name": "mixamorig:RightHandIndex2"
      },
      "children": [
        44
      ]
    },
    {
      "matrix": [
        1,
        2.7755574395896838e-17,
        -1.348150961071065e-32,
        0,
        -2.730602798145944e-17,
        0.9838033834836319,
        0.17925094483048568,
        0,
        4.9752131534154665e-18,
        -0.17925094483048568,
        0.9838033834836319,
        0,
        0.00011263313353993,
        0.0511117875576019,
        -5.01973684841062e-10,
        1
      ],
      "name": "mixamorigRightHandIndex3",
      "extras": {
        "name": "mixamorig:RightHandIndex3"
      },
      "children": [
        45
      ]
    },
    {
      "matrix": [
        1,
        1.3877787830779588e-16,
        -1.387778716566304e-17,
        0,
        -1.387778778484933e-16,
        0.9999999999999994,
        3.309623508585e-8,
        0,
        1.3877791758688318e-17,
        -3.309623508585e-8,
        0.9999999999999994,
        0,
        0.00092346005840227,
        0.0471798218786716,
        7.863101836314e-10,
        1
      ],
      "name": "mixamorigRightHandIndex4",
      "extras": {
        "name": "mixamorig:RightHandIndex4"
      }
    },
    {
      "matrix": [
        0.9945157035611641,
        -0.10458735912089524,
        -5.700048692595938e-10,
        0,
        0.10440345571302341,
        0.9927669753427868,
        0.059276061971397044,
        0,
        -0.006199526035260285,
        -0.058950974544743816,
        0.9982416283540798,
        0,
        0.0174189787358046,
        0.222875118255615,
        -0.00210903282277286,
        1
      ],
      "name": "mixamorigRightHandMiddle1",
      "extras": {
        "name": "mixamorig:RightHandMiddle1"
      },
      "children": [
        47
      ]
    },
    {
      "matrix": [
        1,
        -3.3140534273796625e-26,
        -2.1684042341815455e-17,
        0,
        4.91708696838951e-18,
        0.973950523899653,
        0.2267606096184069,
        0,
        2.1119184359888042e-17,
        -0.2267606096184069,
        0.973950523899653,
        0,
        -0.000689299893565476,
        0.0617421269416809,
        5.35490575492847e-11,
        1
      ],
      "name": "mixamorigRightHandMiddle2",
      "extras": {
        "name": "mixamorig:RightHandMiddle2"
      },
      "children": [
        48
      ]
    },
    {
      "matrix": [
        1,
        -6.938893634052112e-18,
        -2.602085157987551e-17,
        0,
        1.2265468966586426e-17,
        0.9775529279652413,
        0.2106899865246705,
        0,
        2.3974804125087323e-17,
        -0.2106899865246705,
        0.9775529279652413,
        0,
        0.0000520959547429811,
        0.0581772066652775,
        3.48829576335419e-10,
        1
      ],
      "name": "mixamorigRightHandMiddle3",
      "extras": {
        "name": "mixamorig:RightHandMiddle3"
      },
      "children": [
        49
      ]
    },
    {
      "matrix": [
        1,
        6.938893947157713e-17,
        -2.0816681924400006e-17,
        0,
        -6.938893860656726e-17,
        0.9999999999999991,
        4.15536831610552e-8,
        0,
        2.0816684807765993e-17,
        -4.15536831610552e-8,
        0.9999999999999991,
        0,
        0.000637204386293888,
        0.0527706705033779,
        2.18472284707616e-9,
        1
      ],
      "name": "mixamorigRightHandMiddle4",
      "extras": {
        "name": "mixamorig:RightHandMiddle4"
      }
    },
    {
      "matrix": [
        0.9977719940041252,
        0.0667161758059588,
        -5.209938912578704e-10,
        0,
        -0.06651623252990728,
        0.9947817481680505,
        0.07736190686360492,
        0,
        0.0051612909430593795,
        -0.0771895440417559,
        0.9970030769990206,
        0,
        -0.0239513888955116,
        0.226720601320267,
        -0.00175682187546045,
        1
      ],
      "name": "mixamorigRightHandRing1",
      "extras": {
        "name": "mixamorig:RightHandRing1"
      },
      "children": [
        51
      ]
    },
    {
      "matrix": [
        1,
        -1.3877787527358224e-17,
        3.295974422105699e-17,
        0,
        4.111060909156746e-18,
        0.9601347693764518,
        0.2795375111606104,
        0,
        -3.5525158746629164e-17,
        -0.2795375111606104,
        0.9601347693764518,
        0,
        -0.0000545776238141116,
        0.0509216301143169,
        -1.3415671351602e-10,
        1
      ],
      "name": "mixamorigRightHandRing2",
      "extras": {
        "name": "mixamorig:RightHandRing2"
      },
      "children": [
        52
      ]
    },
    {
      "matrix": [
        1,
        -5.7777898331617076e-34,
        1.3877787743046633e-17,
        0,
        -1.8556442260183572e-18,
        0.9910200625952856,
        0.13371325831725578,
        0,
        -1.3753166077216551e-17,
        -0.13371325831725578,
        0.9910200625952856,
        0,
        0.0000134937417897163,
        0.0462656617164612,
        7.84301290579492e-10,
        1
      ],
      "name": "mixamorigRightHandRing3",
      "extras": {
        "name": "mixamorig:RightHandRing3"
      },
      "children": [
        53
      ]
    },
    {
      "matrix": [
        1,
        -1.3877787587546493e-17,
        4.1633363496866057e-17,
        0,
        1.3877788028082427e-17,
        0.9999999999999999,
        -1.058131982034638e-8,
        0,
        -4.1633363350020745e-17,
        1.058131982034638e-8,
        0.9999999999999999,
        0,
        0.0000410843131248839,
        0.0413795374333858,
        -1.43173761735227e-9,
        1
      ],
      "name": "mixamorigRightHandRing4",
      "extras": {
        "name": "mixamorig:RightHandRing4"
      }
    },
    {
      "matrix": [
        0.9288909623077436,
        0.37035331134635935,
        1.677316178311239e-9,
        0,
        -0.36787520918078637,
        0.9226755816353582,
        0.11548851101481958,
        0,
        0.04277155240818439,
        -0.10727623446511367,
        0.9933088157067916,
        0,
        -0.05643605068326,
        0.212160736322403,
        -0.00198740558698773,
        1
      ],
      "name": "mixamorigRightHandPinky1",
      "extras": {
        "name": "mixamorig:RightHandPinky1"
      },
      "children": [
        55
      ]
    },
    {
      "matrix": [
        1,
        -8.474091755303838e-33,
        2.775557696146806e-17,
        0,
        -6.855927123581682e-18,
        0.9690127266307722,
        0.2470108067123337,
        0,
        -2.68955073523463e-17,
        -0.2470108067123337,
        0.9690127266307722,
        0,
        0.00067292939638719,
        0.0438885763287544,
        -1.16909404379584e-9,
        1
      ],
      "name": "mixamorigRightHandPinky2",
      "extras": {
        "name": "mixamorig:RightHandPinky2"
      },
      "children": [
        56
      ]
    },
    {
      "matrix": [
        1,
        1.6653345256307925e-16,
        3.759782040949933e-25,
        0,
        -1.6499808853494793e-16,
        0.9907804461722267,
        0.1354773342474723,
        0,
        2.2561507094891763e-17,
        -0.1354773342474723,
        0.9907804461722267,
        0,
        -0.000165740915690549,
        0.0356660336256027,
        -3.84343917803065e-10,
        1
      ],
      "name": "mixamorigRightHandPinky3",
      "extras": {
        "name": "mixamorig:RightHandPinky3"
      },
      "children": [
        57
      ]
    },
    {
      "matrix": [
        1,
        -5.5511150478965087e-17,
        1.1102230283866196e-16,
        0,
        5.551115198355052e-17,
        0.9999999999999999,
        -1.35521007749162e-8,
        0,
        -1.1102230208636925e-16,
        1.35521007749162e-8,
        0.9999999999999999,
        0,
        -0.000507188844494522,
        0.0322570092976093,
        -3.79285991503053e-10,
        1
      ],
      "name": "mixamorigRightHandPinky4",
      "extras": {
        "name": "mixamorig:RightHandPinky4"
      }
    },
    {
      "matrix": [
        -0.9965966968613142,
        -0.08243200131265194,
        0.0002008063925670682,
        0,
        0.08243224589695677,
        -0.9965937398645826,
        0.0024277268238104962,
        0,
        1.0447349189641846e-11,
        0.0024360173928658227,
        0.9999970329052672,
        0,
        0.15737684071064,
        -0.0827867090702057,
        -0.00586930429562926,
        1
      ],
      "name": "mixamorigLeftUpLeg",
      "extras": {
        "name": "mixamorig:LeftUpLeg"
      },
      "children": [
        59
      ]
    },
    {
      "matrix": [
        0.9998885705647438,
        -0.014928042216405882,
        -1.2088817309517533e-12,
        0,
        0.014928034158303002,
        0.9998880308286384,
        -0.0010390342493588453,
        0,
        0.000015510749014127677,
        0.0010389184703362049,
        0.9999994602037454,
        0,
        -8.37829750022223e-10,
        0.610350966453552,
        7.24468748880547e-11,
        1
      ],
      "name": "mixamorigLeftLeg",
      "extras": {
        "name": "mixamorig:LeftLeg"
      },
      "children": [
        60
      ]
    },
    {
      "matrix": [
        0.9982643161928936,
        -7.525194183066741e-10,
        -0.05889274082703755,
        0,
        0.04856740689635278,
        0.5656060160607637,
        0.8232442032010675,
        0,
        0.033310087203198974,
        -0.8246755793139483,
        0.5646243029144091,
        0,
        7.6051304143121e-10,
        0.626863360404968,
        -4.76489160627924e-11,
        1
      ],
      "name": "mixamorigLeftFoot",
      "extras": {
        "name": "mixamorig:LeftFoot"
      },
      "children": [
        61
      ]
    },
    {
      "matrix": [
        0.9995337495367876,
        2.483308484194091e-9,
        0.030533317958621176,
        0,
        -0.016756851472213022,
        0.8359501514790975,
        0.5485494883180916,
        0,
        -0.025524330241956533,
        -0.5488053691476623,
        0.8355603893779333,
        0,
        1.78168840792026e-10,
        0.181250363588333,
        -2.37265007640985e-9,
        1
      ],
      "name": "mixamorigLeftToeBase",
      "extras": {
        "name": "mixamorig:LeftToeBase"
      },
      "children": [
        62
      ]
    },
    {
      "matrix": [
        1,
        -1.3240768941634097e-34,
        1.22298005056365e-16,
        0,
        4.5973395939433913e-26,
        1,
        -3.75912884154062e-10,
        0,
        -1.22298005056365e-16,
        3.75912884154062e-10,
        1,
        0,
        -2.05561886956751e-10,
        0.0790325775742531,
        2.4876108117855e-11,
        1
      ],
      "name": "mixamorigLeftToe_End",
      "extras": {
        "name": "mixamorig:LeftToe_End"
      }
    },
    {
      "matrix": [
        -0.9965966385224572,
        0.0824323895985037,
        0.00010170052268384288,
        0,
        -0.08243245233471959,
        -0.9965958800504064,
        -0.0012295449682197114,
        0,
        -7.15681084274139e-12,
        -0.0012337438247823481,
        0.9999992389377919,
        0,
        -0.157376855611801,
        -0.0827867090702057,
        -0.00456904573366046,
        1
      ],
      "name": "mixamorigRightUpLeg",
      "extras": {
        "name": "mixamorig:RightUpLeg"
      },
      "children": [
        64
      ]
    },
    {
      "matrix": [
        0.9998885724557856,
        0.014927916052716612,
        1.2506938843956372e-11,
        0,
        -0.014927781395474314,
        0.9998795529587806,
        0.004247460810428086,
        0,
        0.00006340572438894737,
        -0.004246987526498886,
        0.9999909794978635,
        0,
        4.68549143928243e-10,
        0.610349595546722,
        3.64906264926912e-11,
        1
      ],
      "name": "mixamorigRightLeg",
      "extras": {
        "name": "mixamorig:RightLeg"
      },
      "children": [
        65
      ]
    },
    {
      "matrix": [
        0.9983501126195249,
        -2.53788967619073e-9,
        0.057419967062412355,
        0,
        -0.04763269722557837,
        0.558433355110767,
        0.828180723033621,
        0,
        -0.03206522684256116,
        -0.8295493860219986,
        0.557512002847788,
        0,
        -4.36461616848405e-10,
        0.62686562538147,
        -1.27300781027628e-10,
        1
      ],
      "name": "mixamorigRightFoot",
      "extras": {
        "name": "mixamorig:RightFoot"
      },
      "children": [
        66
      ]
    },
    {
      "matrix": [
        0.999496430650706,
        9.777817566031244e-10,
        -0.03173145332911191,
        0,
        0.0171610132844641,
        0.8411381572050654,
        0.5405479668773467,
        0,
        0.026690536776694,
        -0.5408203073777673,
        0.8407145857926932,
        0,
        -2.45905934503909e-10,
        0.184025585651398,
        -3.49249340558799e-9,
        1
      ],
      "name": "mixamorigRightToeBase",
      "extras": {
        "name": "mixamorig:RightToeBase"
      },
      "children": [
        67
      ]
    },
    {
      "matrix": [
        1,
        2.0816681536304873e-17,
        -6.378361380789469e-16,
        0,
        -2.0816681887138324e-17,
        1,
        -5.50036960422772e-10,
        0,
        6.37836138067497e-16,
        5.50036960422772e-10,
        1,
        0,
        1.13947178081997e-10,
        0.0822276473045349,
        1.78168452213967e-11,
        1
      ],
      "name": "mixamorigRightToe_End",
      "extras": {
        "name": "mixamorig:RightToe_End"
      }
    }
  ],
  "bufferViews": [
    {
      "buffer": 0,
      "byteOffset": 0,
      "byteLength": 12920,
      "target": 34962,
      "byteStride": 8
    },
    {
      "buffer": 0,
      "byteOffset": 12920,
      "byteLength": 19380,
      "target": 34962,
      "byteStride": 12
    },
    {
      "buffer": 0,
      "byteOffset": 32300,
      "byteLength": 19380,
      "target": 34962,
      "byteStride": 12
    },
    {
      "buffer": 0,
      "byteOffset": 51680,
      "byteLength": 12920,
      "target": 34962,
      "byteStride": 8
    },
    {
      "buffer": 0,
      "byteOffset": 64600,
      "byteLength": 25840,
      "target": 34962,
      "byteStride": 16
    },
    {
      "buffer": 0,
      "byteOffset": 90440,
      "byteLength": 12576,
      "target": 34963
    },
    {
      "buffer": 0,
      "byteOffset": 103016,
      "byteLength": 3328
    }
  ],
  "buffers": [
    {
      "byteLength": 106344,
